60 529
73
34 6 15 16
13 3 14 515
13 5 47 507
10 12 37 100
10 12 35 141
6 7 42 481
6 15 52 246
25 7 2 522
25 15 16 487
21 12 22 112
16 7 44 70
16 5 26 125
21 3 21 481
21 5 2 1
5 7 24 145
5 5 24 10
4 1 0 0
4 10 39 86
6 13 54 269
12 13 47 107
12 9 11 297
23 6 37 471
7 3 17 200
7 5 53 101
2 1 58 247
2 10 37 519
6 6 51 239
6 5 20 126
14 7 46 338
14 6 3 156
16 3 24 290
16 5 2 510
14 6 8 504
14 5 32 4
14 13 18 409
3 2 2 129
3 7 56 8
11 2 2 196
11 7 49 223
6 7 28 473
6 6 51 371
33 14 0 70
12 4 40 477
12 3 33 39
16 18 28 264
12 3 37 516
12 18 43 488
4 4 27 84
4 3 56 153
3 1 29 130
3 2 17 129
6 9 40 247
6 9 54 456
6 1 28 528
6 2 20 484
5 7 55 145
5 18 9 137
3 9 32 247
3 9 56 230
9 18 51 120
6 5 45 241
6 2 54 142
2 12 58 516
2 9 52 140
8 3 8 128
8 9 14 114
10 9 10 478
3 5 44 60
3 2 5 130
3 18 3 138
3 7 6 149
2 3 1 151
2 9 10 114
